"Date","Pinterest","VKontakte","YouTube","Facebook","Instagram","Twitter","Tumblr","LinkedIn","reddit","Google+","StumbleUpon","news.ycombinator.com","Other"
2019-03,25.16,17.39,13.94,14.64,20.07,7.09,0.56,0.23,0.49,0.31,0.11,0,0.01
2019-04,31.66,17.73,14.8,16.32,11.65,6.12,0.56,0.39,0.28,0.19,0.25,0.04,0
2019-05,26.98,22.11,13.34,17.46,10.6,7.71,0.53,0.45,0.38,0.2,0.22,0.01,0
2019-06,29.7,17.86,15.23,16.37,8.14,8.29,1.18,0.92,0.96,0.75,0.59,0.01,0.01
2019-07,27.78,22.12,13.86,12.88,11.79,6.68,1.21,1.09,1.12,0.71,0.74,0.01,0.02
2019-08,28.28,30.78,14.84,13.75,5.73,5.01,0.6,0.33,0.35,0.15,0.14,0.02,0.01
2019-09,26.23,25.67,15.28,17.95,6.33,6.02,0.73,0.58,0.49,0.37,0.31,0.01,0.02
2019-10,23.32,22.15,14.55,14.78,14.54,8.1,0.72,0.53,0.52,0.41,0.36,0.03,0
2019-11,27.11,19.09,14.78,12.62,15.64,8.76,0.58,0.51,0.38,0.25,0.26,0.01,0
2019-12,31.52,14.15,16.13,21.22,10.81,5.58,0.28,0.11,0.18,0,0,0.01,0
2020-01,38.94,13.33,17.88,11.32,8.05,9.6,0.41,0.22,0.2,0.01,0,0.03,0.01
2020-02,54.67,10.62,13.97,7.52,6.46,5.86,0.38,0.21,0.11,0.08,0,0.01,0.1
2020-03,35.22,11.51,26.03,10.07,6.87,9.42,0.59,0.17,0.1,0,0,0.01,0.01
